1 2
1 2
1 9
1 10
1 15
1 21
2 1
2 15
3 1
3 2
3 9
3 13
3 14
3 21
3 24
4 1
4 2
4 3
4 5
4 6
4 7
4 8
4 9
4 10
4 11
4 13
4 17
5 1
5 2
5 9
5 10
5 12
5 14
5 15
5 17
5 18
5 22
5 23
5 24
5 25
6 2
6 5
6 10
6 13
6 14
6 16
6 17
6 18
6 23
6 25
7 5
7 6
7 9
7 13
8 1
8 5
8 6
8 9
8 10
8 11
8 13
9 4
9 7
9 13
11 17
12 6
12 10
12 19
13 17
13 21
14 5
14 15
14 17
14 18
14 21
14 24
14 25
15 14
15 18
15 21
15 22
15 25
16 1
16 2
16 4
16 5
16 6
16 8
16 10
16 11
16 14
16 15
16 17
16 18
16 19
16 21
16 22
16 23
16 24
16 25
16 27
17 18
18 21
18 22
19 4
19 12
19 14
19 15
19 16
19 17
19 18
19 21
19 22
19 24
19 25
20 1
20 3
20 5
20 6
20 7
20 11
20 12
20 15
20 17
20 18
20 24
21 14
21 15
21 16
21 25
21 26
22 6
22 15
22 18
22 19
22 23
22 24
22 25
22 27
23 15
23 16
23 17
23 21
23 22
23 24
23 25
24 14
24 15
24 25
25 14
25 15
25 16
25 17
25 18
25 21
25 23
25 24